{
  "epochs": 30,
  "learning_rate": 2e-05,
  "model": "deepset/gbert-base"
}
Result over all folds for seed 0{
  "eval_loss": 1.0961686491966247,
  "eval_precision": 0.31469605974514814,
  "eval_recall": 0.48718212217825096,
  "eval_f1": 0.3817741386639034,
  "eval_accuracy": 0.8566011396184825,
  "eval_runtime": 0.8582600000000001,
  "eval_samples_per_second": 18.441200000000002,
  "eval_steps_per_second": 2.3355999999999995,
  "epoch": 30.0,
  "eval_loss_stdev": 0.16465384635437322,
  "eval_precision_stdev": 0.04001445131475879,
  "eval_recall_stdev": 0.053979627224573994,
  "eval_f1_stdev": 0.0430517080357654,
  "eval_accuracy_stdev": 0.012712440931584999,
  "eval_runtime_stdev": 0.046260814951749406,
  "eval_samples_per_second_stdev": 0.9069204485510292,
  "eval_steps_per_second_stdev": 0.12056450555615451,
  "epoch_stdev": 0.0
}
Result over all folds for seed 42{
  "eval_loss": 1.1136365413665772,
  "eval_precision": 0.3253602708489659,
  "eval_recall": 0.5192309310718736,
  "eval_f1": 0.3985937342736295,
  "eval_accuracy": 0.8552084110445144,
  "eval_runtime": 0.84398,
  "eval_samples_per_second": 18.733399999999996,
  "eval_steps_per_second": 2.3722,
  "epoch": 30.0,
  "eval_loss_stdev": 0.2200384172717255,
  "eval_precision_stdev": 0.044078091000444894,
  "eval_recall_stdev": 0.038718326500154145,
  "eval_f1_stdev": 0.037151796133395136,
  "eval_accuracy_stdev": 0.020290548459235364,
  "eval_runtime_stdev": 0.03020839287350451,
  "eval_samples_per_second_stdev": 0.6663578618130058,
  "eval_steps_per_second_stdev": 0.08305841318012282,
  "epoch_stdev": 0.0
}
Result over all folds for seed 100{
  "eval_loss": 1.0900939226150512,
  "eval_precision": 0.34812352547319003,
  "eval_recall": 0.549417031658985,
  "eval_f1": 0.4258066623781831,
  "eval_accuracy": 0.8593531395602074,
  "eval_runtime": 0.8837999999999999,
  "eval_samples_per_second": 17.8858,
  "eval_steps_per_second": 2.2641999999999998,
  "epoch": 30.0,
  "eval_loss_stdev": 0.27156488999879913,
  "eval_precision_stdev": 0.039137412686319026,
  "eval_recall_stdev": 0.055234000567303286,
  "eval_f1_stdev": 0.04401943066332695,
  "eval_accuracy_stdev": 0.033835447976962946,
  "eval_runtime_stdev": 0.02450622369929727,
  "eval_samples_per_second_stdev": 0.6208290424907638,
  "eval_steps_per_second_stdev": 0.06051198228450297,
  "epoch_stdev": 0.0
}
Result over all folds for seed 111{
  "eval_loss": 1.058402180671692,
  "eval_precision": 0.33697766492076725,
  "eval_recall": 0.5505428191844931,
  "eval_f1": 0.4174342960250034,
  "eval_accuracy": 0.8601048113556621,
  "eval_runtime": 0.8615600000000001,
  "eval_samples_per_second": 18.354599999999998,
  "eval_steps_per_second": 2.3256,
  "epoch": 30.0,
  "eval_loss_stdev": 0.31392262126832715,
  "eval_precision_stdev": 0.022450282089013254,
  "eval_recall_stdev": 0.07385008810062231,
  "eval_f1_stdev": 0.0374325267863137,
  "eval_accuracy_stdev": 0.03129414540639018,
  "eval_runtime_stdev": 0.04030859709788964,
  "eval_samples_per_second_stdev": 0.4703299905385583,
  "eval_steps_per_second_stdev": 0.11258241425728968,
  "epoch_stdev": 0.0
}